\11203625.bmp  1  0 0 162 115
\11203626.bmp  1  0 0 177 101
\12203628.bmp  1  0 0 154 98
\12203629.bmp  1  0 0 174 89
\13203631.bmp  1  0 0 111 225
\13203633.bmp  1  0 0 93 118
\14203635.bmp  1  0 0 100 88
\14203637.bmp  1  0 0 90 54
\15203639.bmp  1  0 0 19 16
\15203641.bmp  1  0 0 22 22
\16203643.bmp  1  0 0 68 44
\16203645.bmp  1  0 0 87 81
\16203646.bmp  1  0 0 232 66
\16203646.bmp  1  0 0 232 66
\16203646.bmp  1  0 0 232 66
\16203646.bmp  1  0 0 232 66
\16203646.bmp  1  0 0 232 66
\16203647.bmp  1  0 0 232 66
\17203649.bmp  1  0 0 63 63
\17203650.bmp  1  0 0 57 41
\19203653.bmp  1  0 0 315 100
\19203653.bmp  1  0 0 315 100
\19203653.bmp  1  0 0 315 100
\19203653.bmp  1  0 0 315 100
\19203654.bmp  1  0 0 315 100
\19203654.bmp  1  0 0 315 100
\19203654.bmp  1  0 0 315 100
\19203654.bmp  1  0 0 315 100
\19203654.bmp  1  0 0 315 100
\11203625.bmp  1  0 0 162 115
\11203626.bmp  1  0 0 177 101
\12203628.bmp  1  0 0 154 98
\12203629.bmp  1  0 0 174 89
\13203631.bmp  1  0 0 111 225
\13203633.bmp  1  0 0 93 118
\14203635.bmp  1  0 0 100 88
\14203637.bmp  1  0 0 90 54
\15203639.bmp  1  0 0 19 16
\15203641.bmp  1  0 0 22 22
\16203643.bmp  1  0 0 68 44
\16203645.bmp  1  0 0 87 81
\16203646.bmp  1  0 0 232 66
\16203646.bmp  1  0 0 232 66
\16203646.bmp  1  0 0 232 66
\16203646.bmp  1  0 0 232 66
\16203646.bmp  1  0 0 232 66
\16203647.bmp  1  0 0 232 66
\17203649.bmp  1  0 0 63 63
\17203650.bmp  1  0 0 57 41
\19203653.bmp  1  0 0 315 100
\19203653.bmp  1  0 0 315 100
\19203653.bmp  1  0 0 315 100
\19203653.bmp  1  0 0 315 100
\19203654.bmp  1  0 0 315 100
\19203654.bmp  1  0 0 315 100
\19203654.bmp  1  0 0 315 100
\19203654.bmp  1  0 0 315 100
\19203654.bmp  1  0 0 315 100
\11203625.bmp  1  0 0 162 115
\11203626.bmp  1  0 0 177 101
\12203628.bmp  1  0 0 154 98
\12203629.bmp  1  0 0 174 89
\13203631.bmp  1  0 0 111 225
\13203633.bmp  1  0 0 93 118
\14203635.bmp  1  0 0 100 88
\14203637.bmp  1  0 0 90 54
\15203639.bmp  1  0 0 19 16
\15203641.bmp  1  0 0 22 22
\16203643.bmp  1  0 0 68 44
\16203645.bmp  1  0 0 87 81
\16203646.bmp  1  0 0 232 66
\16203646.bmp  1  0 0 232 66
\16203646.bmp  1  0 0 232 66
\16203646.bmp  1  0 0 232 66
\16203646.bmp  1  0 0 232 66
\16203647.bmp  1  0 0 232 66
\17203649.bmp  1  0 0 63 63
\17203650.bmp  1  0 0 57 41
\19203653.bmp  1  0 0 315 100
\19203653.bmp  1  0 0 315 100
\19203653.bmp  1  0 0 315 100
\19203653.bmp  1  0 0 315 100
\19203654.bmp  1  0 0 315 100
\19203654.bmp  1  0 0 315 100
\19203654.bmp  1  0 0 315 100
\19203654.bmp  1  0 0 315 100
\19203654.bmp  1  0 0 315 100
\11203625.bmp  1  0 0 162 115
\11203626.bmp  1  0 0 177 101
\12203628.bmp  1  0 0 154 98
\12203629.bmp  1  0 0 174 89
\13203631.bmp  1  0 0 111 225
\13203633.bmp  1  0 0 93 118
\14203635.bmp  1  0 0 100 88
\14203637.bmp  1  0 0 90 54
\15203639.bmp  1  0 0 19 16
\15203641.bmp  1  0 0 22 22
\16203643.bmp  1  0 0 68 44
\16203645.bmp  1  0 0 87 81
\16203646.bmp  1  0 0 232 66
\16203646.bmp  1  0 0 232 66
\16203646.bmp  1  0 0 232 66
\16203646.bmp  1  0 0 232 66
\16203646.bmp  1  0 0 232 66
\16203647.bmp  1  0 0 232 66
\17203649.bmp  1  0 0 63 63
\17203650.bmp  1  0 0 57 41
\19203653.bmp  1  0 0 315 100
\19203653.bmp  1  0 0 315 100
\19203653.bmp  1  0 0 315 100
\19203653.bmp  1  0 0 315 100
\19203654.bmp  1  0 0 315 100
\19203654.bmp  1  0 0 315 100
\19203654.bmp  1  0 0 315 100
\19203654.bmp  1  0 0 315 100
\19203654.bmp  1  0 0 315 100
\11203625.bmp  1  0 0 162 115
\11203626.bmp  1  0 0 177 101
\12203628.bmp  1  0 0 154 98
\12203629.bmp  1  0 0 174 89
\13203631.bmp  1  0 0 111 225
\13203633.bmp  1  0 0 93 118
\14203635.bmp  1  0 0 100 88
\14203637.bmp  1  0 0 90 54
\15203639.bmp  1  0 0 19 16
\15203641.bmp  1  0 0 22 22
\16203643.bmp  1  0 0 68 44
\16203645.bmp  1  0 0 87 81
\16203646.bmp  1  0 0 232 66
\16203646.bmp  1  0 0 232 66
\16203646.bmp  1  0 0 232 66
\16203646.bmp  1  0 0 232 66
\16203646.bmp  1  0 0 232 66
\16203647.bmp  1  0 0 232 66
\17203649.bmp  1  0 0 63 63
\17203650.bmp  1  0 0 57 41
\19203653.bmp  1  0 0 315 100
\19203653.bmp  1  0 0 315 100
\19203653.bmp  1  0 0 315 100
\19203653.bmp  1  0 0 315 100
\19203654.bmp  1  0 0 315 100
\19203654.bmp  1  0 0 315 100
\19203654.bmp  1  0 0 315 100
\19203654.bmp  1  0 0 315 100
\19203654.bmp  1  0 0 315 100
\11203625.bmp  1  0 0 162 115
\11203626.bmp  1  0 0 177 101
\12203628.bmp  1  0 0 154 98
\12203629.bmp  1  0 0 174 89
\13203631.bmp  1  0 0 111 225
\13203633.bmp  1  0 0 93 118
\14203635.bmp  1  0 0 100 88
\14203637.bmp  1  0 0 90 54
\15203639.bmp  1  0 0 19 16
\15203641.bmp  1  0 0 22 22
\16203643.bmp  1  0 0 68 44
\16203645.bmp  1  0 0 87 81
\16203646.bmp  1  0 0 232 66
\16203646.bmp  1  0 0 232 66
\16203646.bmp  1  0 0 232 66
\16203646.bmp  1  0 0 232 66
\16203646.bmp  1  0 0 232 66
\16203647.bmp  1  0 0 232 66
\17203649.bmp  1  0 0 63 63
\17203650.bmp  1  0 0 57 41
\19203653.bmp  1  0 0 315 100
\19203653.bmp  1  0 0 315 100
\19203653.bmp  1  0 0 315 100
\19203653.bmp  1  0 0 315 100
\19203654.bmp  1  0 0 315 100
\19203654.bmp  1  0 0 315 100
\19203654.bmp  1  0 0 315 100
\19203654.bmp  1  0 0 315 100
\19203654.bmp  1  0 0 315 100
\11203625.bmp  1  0 0 162 115
\11203626.bmp  1  0 0 177 101
\12203628.bmp  1  0 0 154 98
\12203629.bmp  1  0 0 174 89
\13203631.bmp  1  0 0 111 225
\13203633.bmp  1  0 0 93 118
\14203635.bmp  1  0 0 100 88
\14203637.bmp  1  0 0 90 54
\15203639.bmp  1  0 0 19 16
\15203641.bmp  1  0 0 22 22
\16203643.bmp  1  0 0 68 44
\16203645.bmp  1  0 0 87 81
\16203646.bmp  1  0 0 232 66
\16203646.bmp  1  0 0 232 66
\16203646.bmp  1  0 0 232 66
\16203646.bmp  1  0 0 232 66
\16203646.bmp  1  0 0 232 66
\16203647.bmp  1  0 0 232 66
\17203649.bmp  1  0 0 63 63
\17203650.bmp  1  0 0 57 41
\19203653.bmp  1  0 0 315 100
\19203653.bmp  1  0 0 315 100
\19203653.bmp  1  0 0 315 100
\19203653.bmp  1  0 0 315 100
\19203654.bmp  1  0 0 315 100
\19203654.bmp  1  0 0 315 100
\19203654.bmp  1  0 0 315 100
\19203654.bmp  1  0 0 315 100
\19203654.bmp  1  0 0 315 100
\11203625.bmp  1  0 0 162 115
\11203626.bmp  1  0 0 177 101
\12203628.bmp  1  0 0 154 98
\12203629.bmp  1  0 0 174 89
\13203631.bmp  1  0 0 111 225
\13203633.bmp  1  0 0 93 118
\14203635.bmp  1  0 0 100 88
\14203637.bmp  1  0 0 90 54
\15203639.bmp  1  0 0 19 16
\15203641.bmp  1  0 0 22 22
\16203643.bmp  1  0 0 68 44
\16203645.bmp  1  0 0 87 81
\16203646.bmp  1  0 0 232 66
\16203646.bmp  1  0 0 232 66
\16203646.bmp  1  0 0 232 66
\16203646.bmp  1  0 0 232 66
\16203646.bmp  1  0 0 232 66
\16203647.bmp  1  0 0 232 66
\17203649.bmp  1  0 0 63 63
\17203650.bmp  1  0 0 57 41
\19203653.bmp  1  0 0 315 100
\19203653.bmp  1  0 0 315 100
\19203653.bmp  1  0 0 315 100
\19203653.bmp  1  0 0 315 100
\19203654.bmp  1  0 0 315 100
\19203654.bmp  1  0 0 315 100
\19203654.bmp  1  0 0 315 100
\19203654.bmp  1  0 0 315 100
\19203654.bmp  1  0 0 315 100
\11203625.bmp  1  0 0 162 115
\11203626.bmp  1  0 0 177 101
\12203628.bmp  1  0 0 154 98
\12203629.bmp  1  0 0 174 89
\13203631.bmp  1  0 0 111 225
\13203633.bmp  1  0 0 93 118
\14203635.bmp  1  0 0 100 88
\14203637.bmp  1  0 0 90 54
\15203639.bmp  1  0 0 19 16
\15203641.bmp  1  0 0 22 22
\16203643.bmp  1  0 0 68 44
\16203645.bmp  1  0 0 87 81
\16203646.bmp  1  0 0 232 66
\16203646.bmp  1  0 0 232 66
\16203646.bmp  1  0 0 232 66
\16203646.bmp  1  0 0 232 66
\16203646.bmp  1  0 0 232 66
\16203647.bmp  1  0 0 232 66
\17203649.bmp  1  0 0 63 63
\17203650.bmp  1  0 0 57 41
\19203653.bmp  1  0 0 315 100
\19203653.bmp  1  0 0 315 100
\19203653.bmp  1  0 0 315 100
\19203653.bmp  1  0 0 315 100
\19203654.bmp  1  0 0 315 100
\19203654.bmp  1  0 0 315 100
\19203654.bmp  1  0 0 315 100
\19203654.bmp  1  0 0 315 100
\19203654.bmp  1  0 0 315 100
\11203625.bmp  1  0 0 162 115
\11203626.bmp  1  0 0 177 101
\12203628.bmp  1  0 0 154 98
\12203629.bmp  1  0 0 174 89
\13203631.bmp  1  0 0 111 225
\13203633.bmp  1  0 0 93 118
\14203635.bmp  1  0 0 100 88
\14203637.bmp  1  0 0 90 54
\15203639.bmp  1  0 0 19 16
\15203641.bmp  1  0 0 22 22
\16203643.bmp  1  0 0 68 44
\16203645.bmp  1  0 0 87 81
\16203646.bmp  1  0 0 232 66
\16203646.bmp  1  0 0 232 66
\16203646.bmp  1  0 0 232 66
\16203646.bmp  1  0 0 232 66
\16203646.bmp  1  0 0 232 66
\16203647.bmp  1  0 0 232 66
\17203649.bmp  1  0 0 63 63
\17203650.bmp  1  0 0 57 41
\19203653.bmp  1  0 0 315 100
\19203653.bmp  1  0 0 315 100
\19203653.bmp  1  0 0 315 100
\19203653.bmp  1  0 0 315 100
\19203654.bmp  1  0 0 315 100
\19203654.bmp  1  0 0 315 100
\19203654.bmp  1  0 0 315 100
\19203654.bmp  1  0 0 315 100
\19203654.bmp  1  0 0 315 100


